00111010111010100000000000010001
00010010010010001000011000000000
00111010010010011000000000001010
00011001000010100010011000000000
00010011111001010011111000000000
00011000111010111010100000000000
00101001000001011000000000001000
00100000110010111011111000000000
00001001110010110011010000000000
00110000101011111000000000000100
00110001110011010000000000001110
01000011000000000000000000010010
00100000101001011000011000000000
00110001001011111000000000001101
00010000100000000011001000000000
00110000100001001000000000001000
01000000110000000000000000001011
00100000101010110011011000000000
00101000111001110000000000001010
00111001111011111000000000000011
00101001100000010000000000000010
00100000110010000001101000000000
00110010100011010000000000000101
00101011001001100000000000001000
00100001011010011010011000000000
00100000000000010011111000000000
01000010100000000000000000001101
00110011001001011000000000010001
01000001110000000000000000000010
01000000111000000000000000000101
00111010000000111000000000010000
00101000100010001000000000010000
00110010110010010000000000001111
00111011111010011000000000010000
00100010011001010011001000000000
00010011101001101011101000000000
00001000011010011010101000000000
00011000001010001001011000000000
00111010111001011000000000010011
00110011101011100000000000001000
00100011011000000000011000000000
00100011000001100000111000000000
00001011100001010000110000000000
01000001110000000000000000010010
00010000000011001001110000000000
00001001011000101001011000000000
00010000010010010001011000000000
00011001111000011010011000000000
01000000111000000000000000000100
00111011110001110000000000010011
